 <pre>

 Contingency table for Cloud cover (octas)
 Selection: ALL    603 stations
Period: 20230114-20230215
Used {00,03,...,21} + 01 02 ... 36
 Limits   0.500000000       1.50000000       2.50000000       3.50000000       4.50000000       5.50000000       6.50000000       7.50000000    
 Each class is data <= limit, the very last > last limit
 Total number of values     1115277
                                                       OBSERVATION
                                  97575     8623     5275     3977     2896     3360     3316     7475    22309 |    154806
                                  13862     2303     1668     1638     1216     1558     1708     4186     8805 |     36944
                                   7487     1390     1086     1041      827     1066     1141     2853     6351 |     23242
                                   5974     1199      818      902      662      817     1105     2562     5817 |     19856
                           REF     5347     1163      844      826      689      874     1053     2753     6133 |     19682
                                   5457     1205      882      901      752      968     1176     3271     7197 |     21809
                                   7112     1498     1104     1111      935     1256     1421     4200     9940 |     28577
                                  10885     2308     1664     1738     1539     2041     2560     7756    19055 |     49546
                                  49778    12685     8452    10638     8941    14651    18757   112401   524512 |    760815

                    SUM          203477    32374    21793    22772    18457    26591    32237   147457   610119 |   1115277
                                                       OBSERVATION
                                  97146     8511     5183     3967     2838     3335     3298     7271    21528 |    153077
                                  13914     2390     1666     1608     1278     1538     1685     4230     8757 |     37066
                                   7409     1392     1061     1057      807     1027     1184     2859     6423 |     23219
                                   5920     1174      879      852      630      868     1050     2542     5805 |     19720
                           SEV     5406     1108      818      807      692      924     1047     2769     6047 |     19618
                                   5469     1205      923      904      727      933     1143     3213     7027 |     21544
                                   7222     1524     1055     1130      930     1233     1462     4172     9812 |     28540
                                  11112     2316     1689     1708     1524     2093     2530     7689    18884 |     49545
                                  49879    12754     8519    10739     9031    14640    18838   112712   525836 |    762948

                    SUM          203477    32374    21793    22772    18457    26591    32237   147457   610119 |   1115277

