 <pre>

 Contingency table for Visibility (m)
 Selection: ALL    714 stations
Period: 20230114-20230215
Used {00,03,...,21} + 00 01 ... 36
 Limits    1000.00000       5000.00000       10000.0000       20000.0000    
 Each class is data <= limit, the very last > last limit
 Total number of values     1552064
                                     OBSERVATION
                                  14789    17929     7486     6943     4746 |     51893
                                  17166    84184    57543    67435    60769 |    287097
                           REF     6125    33220    47356    97996   142846 |    327543
                                   2588    13986    30267    90682   233239 |    370762
                                   4866    25138    50885   133692   300188 |    514769

                    SUM           45534   174457   193537   396748   741788 |   1552064
                                     OBSERVATION
                                  14960    17971     7538     6950     4724 |     52143
                                  17121    84093    57695    67654    60773 |    287336
                           SEV     6062    33081    47161    97464   142735 |    326503
                                   2498    13746    29793    90518   232759 |    369314
                                   4893    25566    51350   134162   300797 |    516768

                    SUM           45534   174457   193537   396748   741788 |   1552064

