 <pre>

 Contingency table for U10m (m/s)
 Selection: ALL   1011 stations
Period: 20230114-20230215
Used {00,03,...,21} + 00 01 ... 36
 Limits    1.50000000       3.29999995       5.50000000       8.00000000       10.8000002       13.8999996       24.5000000    
 Each class is data <= limit, the very last > last limit
 Total number of values     2419355
                                              OBSERVATION
                                 214473    71643     9788     1874      263       30        3        0 |    298074
                                 224846   347351    92514    12248     3279      537       32        0 |    680807
                                  40835   229728   284669    85576    11131     3109      197        1 |    655246
                           REF     5270    35595   139088   174867    56200     8498     1247        0 |    420765
                                    767     4282    19058    67327    87310    37772     5510        2 |    222028
                                     67      562     2223     8244    24167    42425    20283        7 |     97978
                                      8       34      135      710     2874    10275    30088      270 |     44394
                                      0        0        0        0        0        0       37       26 |        63

                    SUM          486266   689195   547475   350846   185224   102646    57397      306 |   2419355
                                              OBSERVATION
                                 214162    71041     9726     1885      271       30        2        0 |    297117
                                 225146   347945    92282    12253     3299      543       27        0 |    681495
                                  40773   229740   285202    85765    11204     3115      195        1 |    655995
                           SEV     5337    35611   138941   174941    56144     8444     1258        0 |    420676
                                    776     4261    18981    67030    87221    37748     5453        2 |    221472
                                     65      560     2209     8270    24223    42515    20311        7 |     98160
                                      7       37      134      702     2862    10251    30107      269 |     44369
                                      0        0        0        0        0        0       44       27 |        71

                    SUM          486266   689195   547475   350846   185224   102646    57397      306 |   2419355

