 <pre>

 Contingency table for Rh2m (%)
 Selection: ALL   1061 stations
Period: 20230114-20230215
Used {00,03,...,21} + 00 01 ... 36
 Limits    30.0000000       50.0000000       65.0000000       75.0000000       85.0000000       95.0000000       100.000000    
 Each class is data <= limit, the very last > last limit
 Total number of values     2547887
                                              OBSERVATION
                                     96       59       20       14       16       21        0        0 |       226
                                   1299     4180     3502     2498     3297     1366       84        0 |     16226
                                    282     8867    37903    24752    20234    14617     1611        0 |    108266
                           REF       24     2783    42170    85168    72945    44025     7440        0 |    254555
                                      4     1018    20864    99614   261790   224727    35668        0 |    643685
                                      0      249     5352    35271   208832   638741   230641        0 |   1119086
                                      0       39      412     2284    17526   129250   256239        0 |    405750
                                      0        0        0        0        6       28       59        0 |        93

                    SUM            1705    17195   110223   249601   584646  1052775   531742        0 |   2547887
                                              OBSERVATION
                                     89       57       15        9       14       14        0        0 |       198
                                   1304     4125     3460     2421     3038     1261       74        0 |     15683
                                    282     8928    37930    24619    19933    14361     1497        0 |    107550
                           SEV       26     2765    42087    85078    72964    43722     7328        0 |    253970
                                      4     1015    20968    99750   261853   224616    35461        0 |    643667
                                      0      268     5351    35452   209261   639322   230682        0 |   1120336
                                      0       37      412     2272    17577   129450   256641        0 |    406389
                                      0        0        0        0        6       29       59        0 |        94

                    SUM            1705    17195   110223   249601   584646  1052775   531742        0 |   2547887

